-32.5507747
-33.643014
-29.1771067
-28.4651987
-29.2195306
-30.0606989
-31.9406745
-31.1839162
-30.563617
-29.8632371
-29.9440292
-30.447401
-30.0837026
-29.9279253
-30.9087159
-31.1663025
-30.9859737
-31.5587357
-31.1882233
-31.2203149
-30.9503853
-30.5915376
-30.2295517
-30.3508828
-30.3097506
-31.5605259
-32.8563717
-31.0426862
-30.3068587
-29.881696
-29.9533681
-30.6369861
-31.3435526
-31.341651
-31.2823777
-31.5161173
-32.7016978
-33.2423536
-33.7107458
-33.0494156
-31.1631272
-29.7419645
-29.57443
-29.7998415
-30.4520553
-33.6328289
-32.6469046
-31.203477
-30.6033587
-30.3502495
-29.842665
-30.1714388
-29.5996708
-30.5838528
-34.182343
-33.4269558
-32.5722759
-32.5413269
-31.8881353
-31.3258608
-29.638399
-30.1200626
-30.6581385
-32.45268
-34.2992759
-35.3449885
-32.9396303
-31.7527484
-31.8878003
-31.7854768
-32.5180104
-33.453645
-33.2355802
-32.6887075
-31.7296261
-34.0550751
-35.0012909
-34.6494474
-32.7131224
-31.1072891
-30.3103444
-31.4085609
-35.9703277
-37.1519314
-37.9501713
-39.525427
-38.2451454
-30.9716182
-32.8407736
-35.4558956
-36.4613882
-36.8083153
-36.5143469
-35.8431164
-35.2726714
-38.3483
-39.1496051
-38.6337688
-38.4120107
-40.0622741
-37.5231545
-39.3107617
-38.9045242
-38.9426138
-37.7823673
-37.8830705
-38.6199165
-40.2257328
-39.6655854
-37.1394113
-39.0571398
-39.1816697
-39.0645103
-39.8768663
-38.4030159
-36.7504985
-36.0123014
-37.137361
-35.0901937
-37.3167908
-37.3954521
-38.999029
-38.3033581
-35.6740661
-37.8011389
-39.5292153
-37.3152719
-38.3176387
-38.3977456
-36.2132459
-37.6313543
-37.7340399
-38.8161642
-36.9055226
-36.4999208
-37.5370764
-40.0671521
-37.8055063
-35.3576847
-39.005173
-34.8291276
-38.4349179
-39.3075016
-39.6961165
-39.7899941
-39.7647293
-38.1375873
-39.8166779
-39.6574928
-35.1828346
-35.9509894
-32.7661763
-37.5943524
-36.3228422
-37.4885123
-40.046143
-35.3218373
-38.0110744
-34.4086152
-38.5419574
-37.4480326
-36.2776393
-36.9647015
-34.8873257
-33.8088124
-38.5055618
-38.8074681
-38.6619109
-39.5503232
-39.2821113
-37.2883508
-35.0330396
-39.7746574
-38.2743929
-34.9137668
-36.7136968
-39.3041595
-36.3801342
-38.9181289
-38.6895798
-39.3518578
-38.8262704
-38.5535422
-35.9245018
-34.4271044
-38.1859126
-40.0094829
-39.3819298
-38.0263068
-37.2781456
-35.718171
-38.0915506
-37.0958031
-39.5752433
-36.3371423
-36.3218078
-38.2740901
-39.256951
-39.3168886
-36.4085487
-34.7845871
-38.0522467
-38.716974
-35.6583672
-37.4038495
-37.835092
-37.5680331
-36.9777305
-35.288572
-35.269421
-38.8402739
-38.7163514
-38.9968213
-38.3685112
-39.0939045
-39.610719
-39.613737
-37.0430245
-38.7077536
-34.9681706
-36.1995009
-38.2755208
-38.5095309
-39.1212142
-36.8800632
-34.5849079
-34.8809501
-33.2911131
-37.8126537
-34.7839405
-34.0702931
-39.8558328
-39.8431287
-36.7916521
-33.8708159
-34.6440728
-36.0306142
-39.2715736
-40.1663269
-37.6294045
-38.589386
-39.0251181
-37.5372678
-38.6985977
-35.6102628
-36.9422889
-39.088931
-38.0506613
-36.9987368
-34.930108
-37.5478928
-33.8632451
-34.5336998
-39.237377
-39.4849625
-37.4967057
-38.040159
-36.1246281
-38.9335474
-38.4515047
-39.4190449
-34.3719342
-39.6066699
-38.0385354
-39.4231747
-34.969421
-33.4769732
-37.3278845
-39.9725924
-37.7848902
-38.6108474
-37.4715909
-39.2838044
-35.4178458
-37.5346354
-39.5645378
-35.8168083
-40.1530713
-35.2961765
-39.1889465
-38.1045176
-39.8291745
-37.9464961
-38.0337232
-36.3385755
-37.3309639
-37.2856519
-38.383782
-33.7695194
-34.3406353
-39.704894
-38.2261836
-40.0316889
-39.4145095
-39.7674208
-35.5838604
-36.5092105
-37.2662667
-39.6292358
-39.0041644
-37.8659599
-36.7365329
-37.3794981
-35.8095358
-35.3880828
-35.3239229
-39.4511566
-36.9863924
-33.906921
-36.445554
-36.5357358
-40.0394804
-39.1698596
-37.523431
-37.0221253
-40.2121724
-36.9424358
-37.3907575
-38.7347658
-38.4789754
-38.2793221
-35.3605602
-34.9028564
-35.6961599
-36.1953789
-37.3419438
-33.9411369
-36.9357251
-36.1307823
-34.9576579
-39.0376292
-37.5482478
-35.0236925
-38.8960407
-39.1693509
-39.0774053
-38.4383157
-38.9320383
-39.2745795
-36.2988214
-39.9958964
-39.9095343
-37.9583824
-39.1246773
-35.586885
-39.7423968
-35.123462
-39.543092
-36.4690427
-39.9621098
-35.3929614
-35.7188685
-37.3434721
-39.2865105
-39.5075991
-33.9464783
-39.3191593
-37.3866014
-36.7913943
-35.7111935
-36.5881523
-36.8590521
-38.3881458
-38.4770661
-37.8129203
-36.0847342
-39.542315
-39.1339548
-37.6066298
-37.3543651
-38.852537
-36.4288122
-35.9993459
-39.9017089
-38.3540605
-39.0943713
-38.9754407
-38.7702425
-35.4381008
-37.852066
-35.5673566
-35.3362739
-34.7264435
-35.486729
-38.8952154
-39.6142562
-38.9670179
-39.3175347
-39.3063624
-38.8345742
-36.8647348
-35.0491251
-35.6154972
-37.8874426
-39.3974886
-36.3205665
-36.4284387
-37.3560398
-34.4291244
-35.7419046
-36.3521475
-39.5241156
-34.8215846
-36.6298472
-34.831655
-39.3844126
-35.8241027
-38.4669969
-38.1643263
-39.4588918
-36.906144
-38.2656792
-39.8230465
-36.444829
-33.626508
-36.5416997
-39.8096393
-39.1199631
-35.4931008
-36.835113
-34.1269918
-34.4546216
-37.7988187
-40.0759801
-35.8007819
-37.4181081
-36.5008847
-39.7272367
-38.6264189
-38.5842903
-37.7567917
-35.9476253
-35.0657289
-38.5146595
-38.2117346
-38.0595095
-38.1421377
-37.8837517
-35.4897882
-33.8099589
-35.9597136
-35.5361117
-38.4463966
-34.5289807
-33.0210334
-33.1331767
-35.2401918
-35.957843
-37.6350364
-34.9667781
-35.481292
-33.776012
-38.2594857
-34.9601689
-38.2707759
-34.9784196
-35.9414217
-36.7537119
-36.9689264
-35.6575426
-37.4267378
-36.7644726
-35.7719123
